1000045
1000097
1000140
1000152
1000177
1000184
1000191
1000209
1000228
1000229
1000230
1000232
1000249
1000264
1000275
1000298
1000351
1000490
1000623
1000683
1000694
1000697
1000742
1000753
1000952
1001011
1001082
1001085
1001115
1001171
100122
1001233
1001250
1001290
1001300
1001316
1001366
1001385
1001391
1001601
1001614
1001748
1001807
1001838
1001902
1001907
1001980
1002006
1002047
1002135
1002152
1002242
1002394
1002427
1002517
1002537
1002590
1002624
1002637
1002638
1002667
1002672
1002729
1002771
1002779
1002784
1002910
1003031
1003078
1003201
1003239
1003283
1003316
100334
1003410
1003466
1003509
1003553
1003632
100378
1003815
1003839
1003924
1003935
1004036
1004140
1004155
1004156
1004158
1004244
1004315
1004411
1004434
1004530
1004554
1004655
1004702
1004724
1004871
1004875
10048
100493
1004952
1004980
1004989
1005007
1005011
1005020
1005101
1005102
1005136
1005170
100517
1005210
1005229
1005276
1005284
1005286
1005334
1005336
1005354
1005441
1005516
1005547
1005561
1005607
100565
1005730
1005731
1005757
1005784
1005788
1005790
1005817
1005913
100591
1005942
1006020
1006028
1006045
1006053
1006057
1006249
1006269
1006281
1006299
1006352
1006364
1006373
1006378
1006387
1006394
1006407
1006415
1006435
1006655
1006830
1006837
1006840
1006890
1006938
1006939
1007009
1007010
1007019
100716
1007190
1007203
1007226
100726
1007273
1007280
1007281
1007286
1007295
1007399
1007433
1007497
1007524
1007546
1007547
1007549
1007551
1007571
1007573
1007587
1007620
1007661
1007706
1007734
1007772
1007789
1007833
100790
1008003
1008023
1008036
1008079
1008086
1008090
1008091
1008105
1008112
1008202
1008220
1008227
1008241
100826
1008291
1008322
1008377
1008382
1008463
1008477
1008539
1008544
1008586
1008653
1008654
1008707
1008785
1008848
100885
1008868
1008877
1008891
1008894
1008895
1008929
1008932
1008937
1009001
1009003
1009005
1009006
1009012
1009016
1009022
1009027
1009059
1009076
1009139
1009161
1009180
1009198
1009207
1009209
1009232
1009254
1009258
1009262
1009268
1009289
1009350
1009663
1009759
1009829
1009874
1009891
1009922
1009953
1010086
1010134
1010178
1010208
1010267
1010270
1010470
1010502
1010541
1010543
1010612
1010616
1010823
1010873
1010911
1011006
1011008
1011056
1011060
1011218
1011378
1011432
1011443
1011509
1011570
1011607
1011659
1011662
1011663
1011712
1011718
101199
1012019
1012037
1012087
1012100
1012139
1012163
1012288
1012336
1012467
1012477
1012493
1012622
1012678
1012683
1012714
1012741
1012771
1012791
1012853
1012855
1012856
1012859
1012930
101295
1012968
1012969
1012990
1012998
1013005
1013025
1013030
1013071
1013082
1013088
1013131
1013143
1013179
1013182
1013234
1013237
1013272
1013283
1013310
1013362
1013419
1013440
1013454
1013462
1013488
1013536
1013538
1013581
1013605
1013611
1013632
101368
1013701
1013706
1013713
1013803
1013804
101382
1013857
1013867
1013871
1013880
1013881
1013934
1013947
1013961
1014008
1014052
1014054
1014095
1014111
1014282
1014299
1014306
1014315
1014318
1014327
1014330
1014332
1014360
1014422
1014473
1014687
1014736
1014738
1014739
1014763
1014803
1014827
1014885
1014892
1014894
1014913
1015013
1015014
1015079
101507
1015083
1015086
1015155
1015221
1015247
1015257
1015308
1015328
1015343
1015383
101538
1015551
1015570
1015647
1015650
1015716
1015719
1015739
1015747
1015788
1015790
1015791
1015816
1015820
1015821
1015823
1015825
1015826
1015844
1015860
1015867
1015884
1015887
1015922
101594
1015965
1015994
1015997
1016021
1016073
1016150
1016156
1016169
1016178
1016245
1016274
1016281
1016287
1016366
1016369
1016460
1016504
1016648
1016683
1016697
1016708
1016766
1016796
1016798
1016805
1016809
1016817
1016835
1016838
1016844
101686
1016972
1017043
1017080
1017081
1017110
1017115
1017303
1017391
1017399
1017413
1017427
1017463
1017480
1017491
1017608
1017616
1017629
1017635
1017636
1017645
1017655
1017673
1017674
1017704
101778
1017832
1017918
1017963
1017973
1017982
1018042
1018067
1018106
1018129
1018164
1018170
1018206
1018211
101829
101830
1018331
1018368
1018394
1018396
1018399
1018430
1018490
1018538
1018555
1018561
1018572
1018592
1018593
1018653
1018657
1018659
1018674
1018724
101872
1018735
1018825
1018840
1018925
1018946
1018953
1018963
1018972
1018973
1018975
1018979
1019034
1019130
1019143
1019144
1019146
1019190
1019231
1019286
1019421
1019432
1019438
1019531
1019556
1019664
1019671
1019690
1019718
1019742
1019754
1019849
101984
1019966
1019973
1019975
1020066
1020068
1020214
1020242
1020280
1020317
1020325
102037
1020425
1020455
1020506
1020514
1020523
1020569
1020580
1020585
1020617
1020660
1020661
1020707
1020710
1020741
1020807
1020859
1020861
1020918
1020942
1020944
1020975
1021008
1021015
1021029
1021040
1021041
1021048
1021096
102109
1021117
1021148
1021153
1021162
1021199
1021223
1021249
1021258
1021270
1021296
1021330
1021347
1021410
1021412
1021413
1021435
1021447
1021561
1021572
1021604
1021635
1021642
1021762
1021860
1021882
1021926
1021944
1022079
102212
1022314
1022321
1022344
1022373
1022408
1022505
1022624
1022652
1022671
1022676
1022695
1022720
1022729
1022804
1022837
1022877
1022882
1022899
1023009
1023024
1023128
1023198
1023201
1023219
1023225
1023229
1023259
1023262
1023279
1023313
1023364
1023391
1023458
1023459
1023512
1023514
1023549
1023575
1023582
1023674
1023710
1023731
1023763
1023809
102385
1023869
1023870
1023875
1023994
1024000
1024004
1024007
1024008
1024095
1024177
1024193
1024221
1024225
1024240
1024245
1024268
102426
1024305
1024356
1024382
1024388
1024406
1024478
1024525
1024533
1024672
1024725
1024770
1024795
1024835
1024896
1025035
1025050
1025092
1025094
1025355
1025378
1025421
1025424
1025481
10254
1025561
1025665
1025680
1025710
1025771
1025835
1025836
1025843
1025942
1025953
1025978
1025996
1026013
1026081
1026144
1026185
1026200
1026214
1026420
1026545
1026583
1026606
1026610
1026634
1026655
1026662
1026708
1026710
1026720
1026879
1026915
1026935
1026941
1026977
1026980
1027035
1027038
1027263
1027285
102729
1027350
1027431
1027451
1027495
102752
1027551
1027552
102756
102757
1027596
102764
1027664
102767
1027715
1027716
1027718
1027730
1027741
1027796
1027814
1027817
1027838
1027856
1027859
1027958
1028074
102816
102818
1028284
1028357
1028546
1028621
1028689
1028775
1028860
1028874
1028918
1029031
1029041
1029067
1029068
102909
1029122
1029125
1029142
1029145
1029160
1029169
1029199
1029311
1029335
1029446
1029625
1029645
1029647
1029695
1029739
1029744
1029800
1029831
103005
103007
103014
1030192
1030213
1030287
1030325
1030411
1030469
1030471
1030475
1030513
1030575
1030600
1030618
1030699
1030717
1030732
1030743
1030744
1030806
1030818
1030894
1030979
1030997
1031000
1031008
1031029
1031041
1031093
1031178
1031203
1031233
1031235
1031248
1031296
1031308
1031316
1031379
103145
1031507
1031530
1031593
1031609
1031611
1031623
1031661
1031689
1031749
1031773
1031847
1031972
1032001
1032033
1032097
1032152
1032165
1032208
1032220
1032235
1032238
1032265
1032365
1032383
1032423
1032455
1032522
1032553
1032635
1032663
1032673
1032809
1032814
1032834
1032856
1032946
1032975
10329
1033012
1033013
1033050
1033076
1033128
1033157
1033213
1033225
1033247
1033309
1033324
1033325
1033331
1033427
1033475
1033505
1033511
1033516
1033638
1033652
1033669
1033746
1033753
1033767
1033775
103379
1033844
1033865
1033870
1033876
1033905
1033927
1033969
1033974
1033984
1034027
1034045
1034054
1034106
1034114
1034123
1034135
1034180
1034182
1034184
1034196
1034273
1034316
1034320
1034323
1034369
1034386
1034413
1034426
1034438
1034462
1034464
1034465
1034466
1034524
1034533
1034541
1034546
1034549
1034550
1034551
1034563
1034569
1034604
1034642
1034657
1034665
1034670
1034760
1034771
1034842
1034886
1034912
1034925
1034957
1035002
1035018
1035092
1035123
1035145
1035201
1035216
1035233
1035234
1035267
1035350
1035354
1035440
1035443
1035463
1035674
1035909
1035912
103595
1035976
1035983
1035986
1036044
1036188
1036194
1036230
1036248
1036262
1036288
1036295
1036325
1036361
103682
1036848
1037038
1037108
1037155
1037175
1037242
1037263
103730
1037353
1037389
1037390
1037438
1037540
1037558
1037646
1037676
1037763
1037766
1037792
1037839
1037868
1037897
1037976
1038001
1038074
1038133
1038143
1038186
1038190
1038199
1038238
1038253
1038255
1038277
1038357
1038370
1038469
1038490
1038509
1038518
1038520
1038572
1038661
1038683
1038699
1038704
103872
1038735
1038773
1038822
1038859
1038977
1039001
1039026
1039065
1039261
1039280
1039305
1039348
1039399
1039466
1039520
1039535
1039565
1039568
1039667
1039684
1039765
1039782
1039803
1039807
1039828
1039860
1039894
1040055
1040061
1040130
1040153
1040161
1040188
1040190
1040197
1040198
1040210
1040273
1040376
1040463
1040466
1040470
1040492
1040508
1040543
1040545
1040585
1040587
1040592
1040612
1040619
1040762
1040765
1040829
1040850
1040896
1040899
1040971
1041003
1041024
1041061
1041088
1041102
1041117
1041130
1041175
1041197
1041216
1041222
1041283
1041357
1041368
1041514
1041588
1041633
1041657
1041668
1041673
104169
1041773
1041792
1041803
1041859
1041885
1041887
1041889
1041917
1041934
1041956
1041958
1041966
1041973
1042008
1042011
1042019
1042021
1042046
1042047
1042063
1042072
1042074
1042187
1042239
1042343
1042362
1042397
1042418
1042441
1042445
1042527
1042537
1042553
1042557
1042559
1042567
1042589
1042642
1042701
1042729
1042773
1042776
1042873
1042875
1042893
1043000
1043005
1043029
1043116
1043121
1043186
1043187
1043218
1043219
1043250
1043275
1043277
1043278
1043298
1043315
1043337
1043373
1043466
1043509
1043604
1043846
1043894
1043951
1043961
1043997
1044005
1044035
1044047
1044083
1044086
1044094
1044107
1044113
1044139
1044143
1044148
1044154
1044155
1044156
1044157
1044164
1044171
1044173
1044174
1044175
1044177
1044182
1044191
1044193
1044199
1044207
1044213
1044258
1044378
1044530
1044561
1044584
1044601
1044604
1044777
1044797
1044822
1044896
1044905
1044922
1044924
1044929
1044936
1044989